dq = [0.1;0.2]
q = [0.5;0.3] 
TL = [0.1;0.2]